# scattering_angle_deg phase_function
5.000000000000000000e-01 3.395711483367260808e-01
1.500000000000000000e+00 2.736445590425184656e-04
2.500000000000000000e+00 0.000000000000000000e+00
3.500000000000000000e+00 2.884992901394628061e-04
4.500000000000000000e+00 2.060709215281866693e-04
5.500000000000000000e+00 3.912316705243182747e-04
6.500000000000000000e+00 2.794511932316545862e-04
7.500000000000000000e+00 5.813208539709872110e-04
8.500000000000000000e+00 1.937736179903283475e-04
9.500000000000000000e+00 4.421416370340982768e-04
1.050000000000000000e+01 4.421416370340979516e-04
1.150000000000000000e+01 4.692419213050455073e-04
1.250000000000000000e+01 4.692419213050417126e-04
1.350000000000000000e+01 3.332998032757089244e-04
1.450000000000000000e+01 6.665996065514186077e-04
1.550000000000000000e+01 8.493343695547721835e-04
1.650000000000000000e+01 1.698668739109543879e-04
1.750000000000000000e+01 5.988239827552220996e-04
1.850000000000000000e+01 4.277314162537274923e-04
1.950000000000000000e+01 5.974892983615319713e-04
2.050000000000000000e+01 4.267780702582330411e-04
2.150000000000000000e+01 1.088476800408305079e-01
2.250000000000000000e+01 1.542545591177046926e-01
2.350000000000000000e+01 5.938501393033590592e-02
2.450000000000000000e+01 3.727472671544817401e-02
2.550000000000000000e+01 3.308191136746929661e-02
2.650000000000000000e+01 2.882075864034192719e-02
2.750000000000000000e+01 1.515229297287472472e-02
2.850000000000000000e+01 1.343468914010411200e-02
2.950000000000000000e+01 1.192583044036659747e-02
3.050000000000000000e+01 1.094036671673601253e-02
3.150000000000000000e+01 2.867495219790554533e-03
3.250000000000000000e+01 8.838101005426661841e-03
3.350000000000000000e+01 2.393927109225387536e-03
3.450000000000000000e+01 7.744754657340575596e-03
3.550000000000000000e+01 3.045479276644183497e-03
3.650000000000000000e+01 1.693858258151067922e-03
3.750000000000000000e+01 6.243706559354776815e-03
3.850000000000000000e+01 1.643223545039471101e-03
3.950000000000000000e+01 3.143673368756066087e-03
4.050000000000000000e+01 1.790599098738059752e-03
4.150000000000000000e+01 2.738135963153540478e-03
4.250000000000000000e+01 2.580633374447965835e-03
4.350000000000000000e+01 2.213501670922116138e-03
4.450000000000000000e+01 2.495166970565575442e-03
4.550000000000000000e+01 1.680936290198090013e-03
4.650000000000000000e+01 1.716498724452077866e-03
4.750000000000000000e+01 1.020892291551379633e-03
4.850000000000000000e+01 1.339332751144555996e-03
4.950000000000000000e+01 1.186055001404577505e-03
5.050000000000000000e+01 1.213484963218849433e-03
5.150000000000000000e+01 1.909458482968438842e-03
5.250000000000000000e+01 2.006494000308536776e-03
5.350000000000000000e+01 1.442530991691827859e-03
5.450000000000000000e+01 1.032650633559210277e-03
5.550000000000000000e+01 1.425720049730654602e-03
5.650000000000000000e+01 1.085326357637384940e-03
5.750000000000000000e+01 1.580804219573065566e-03
5.850000000000000000e+01 9.829411167841925392e-04
5.950000000000000000e+01 1.064874752203545704e-03
6.050000000000000000e+01 1.474102742053185313e-03
6.150000000000000000e+01 1.115554237867004026e-03
6.250000000000000000e+01 1.427527487701096788e-03
6.350000000000000000e+01 1.172332770387590414e-03
6.450000000000000000e+01 1.387095671326961984e-03
6.550000000000000000e+01 1.488230123610474829e-03
6.650000000000000000e+01 1.364064422506415389e-03
6.750000000000000000e+01 9.801079984373534375e-04
6.850000000000000000e+01 1.533863135273280101e-03
6.950000000000000000e+01 1.244819642091804079e-03
7.050000000000000000e+01 1.563139377337363243e-03
7.150000000000000000e+01 2.748119145219375409e-03
7.250000000000000000e+01 1.741446083667839593e-03
7.350000000000000000e+01 1.917399045402479055e-03
7.450000000000000000e+01 2.066731403372473047e-03
7.550000000000000000e+01 1.999763758052209000e-03
7.650000000000000000e+01 9.257589482716895198e-04
7.750000000000000000e+01 1.103850063182167801e-03
7.850000000000000000e+01 1.108891119696607747e-03
7.950000000000000000e+01 1.377722587241158540e-03
8.050000000000000000e+01 7.812753483479909725e-04
8.150000000000000000e+01 1.448742292789054762e-03
8.250000000000000000e+01 6.289926569848174444e-04
8.350000000000000000e+01 5.092567482435355220e-04
8.450000000000000000e+01 1.415505337406914753e-03
8.550000000000000000e+01 9.515761268339377596e-04
8.650000000000000000e+01 8.630256967485888490e-04
8.750000000000000000e+01 6.311195271916963034e-04
8.850000000000000000e+01 1.072806419182392506e-03
8.950000000000000000e+01 9.635635397043911671e-04
9.050000000000000000e+01 7.499207611092779816e-04
9.150000000000000000e+01 7.354124614123333211e-04
9.250000000000000000e+01 9.234057489926549792e-04
9.350000000000000000e+01 9.348570839182008228e-04
9.450000000000000000e+01 6.720350527915662292e-04
9.550000000000000000e+01 6.263832787602117416e-04
9.650000000000000000e+01 8.853434982964440616e-04
9.750000000000000000e+01 7.805245629117586520e-04
9.850000000000000000e+01 7.058360781522444918e-04
9.950000000000000000e+01 5.049393804828828693e-04
1.005000000000000000e+02 7.608809553140526019e-04
1.015000000000000000e+02 4.579391295239142526e-04
1.025000000000000000e+02 6.914961641733470034e-04
1.035000000000000000e+02 7.733740377212817855e-04
1.045000000000000000e+02 2.653879019964496574e-04
1.055000000000000000e+02 3.118689879687217286e-04
1.065000000000000000e+02 6.056455009687856939e-04
1.075000000000000000e+02 3.333451670183493198e-04
1.085000000000000000e+02 4.996608785196695246e-04
1.095000000000000000e+02 2.819531305364765279e-04
1.105000000000000000e+02 4.646907159702736529e-04
1.115000000000000000e+02 2.229220521360812776e-04
1.125000000000000000e+02 4.574829510943469917e-04
1.135000000000000000e+02 1.529321948972291254e-04
1.145000000000000000e+02 4.794303268264783519e-04
1.155000000000000000e+02 1.793547014902053378e-04
1.165000000000000000e+02 4.239579233545902499e-04
1.175000000000000000e+02 1.984400593158087251e-04
1.185000000000000000e+02 3.908176548516523511e-04
1.195000000000000000e+02 3.295838144527691075e-04
1.205000000000000000e+02 1.137730564560289568e-03
1.215000000000000000e+02 1.298012799671830354e-04
1.225000000000000000e+02 4.702673514252961057e-04
1.235000000000000000e+02 1.867015946084052652e-04
1.245000000000000000e+02 4.276549288011683770e-04
1.255000000000000000e+02 3.149852566880928127e-04
1.265000000000000000e+02 3.142286065487102389e-04
1.275000000000000000e+02 2.001278979159822665e-04
1.285000000000000000e+02 4.436759948601068761e-04
1.295000000000000000e+02 1.553628049095461677e-04
1.305000000000000000e+02 5.047812972173562401e-04
1.315000000000000000e+02 3.089270466041259050e-04
1.325000000000000000e+02 3.673874009616857265e-04
1.335000000000000000e+02 2.431448670625035709e-04
1.345000000000000000e+02 4.434182901078248637e-04
1.355000000000000000e+02 1.234957414472122436e-04
1.365000000000000000e+02 5.794310594858839269e-04
1.375000000000000000e+02 2.056128203269271372e-04
1.385000000000000000e+02 5.240279792024887763e-04
1.395000000000000000e+02 1.651486981242073946e-04
1.405000000000000000e+02 6.032941616471336000e-04
1.415000000000000000e+02 2.646470397611360771e-04
1.425000000000000000e+02 1.249597829016513067e-03
1.435000000000000000e+02 8.819429598951245746e-04
1.445000000000000000e+02 1.182481268360768270e-03
1.455000000000000000e+02 1.111273377249736519e-03
1.465000000000000000e+02 1.774924455016677755e-03
1.475000000000000000e+02 1.154752855328814061e-03
1.485000000000000000e+02 1.676578466327323944e-03
1.495000000000000000e+02 1.622037995078064003e-03
1.505000000000000000e+02 2.166626427631058224e-03
1.515000000000000000e+02 1.371856226099532399e-03
1.525000000000000000e+02 2.616739628325170409e-03
1.535000000000000000e+02 1.159390159999171624e-03
1.545000000000000000e+02 5.963619204119426087e-03
1.555000000000000000e+02 2.128427798316723935e-03
1.565000000000000000e+02 2.485543448360020766e-03
1.575000000000000000e+02 2.836241424150284969e-03
1.585000000000000000e+02 2.302327968550829228e-03
1.595000000000000000e+02 8.118919797028813440e-04
1.605000000000000000e+02 1.535879575090375038e-03
1.615000000000000000e+02 4.100210908992174574e-04
1.625000000000000000e+02 7.906373452747247855e-04
1.635000000000000000e+02 1.551531257146415742e-04
1.645000000000000000e+02 6.625117101224680576e-04
1.655000000000000000e+02 2.455415371411233004e-04
1.665000000000000000e+02 5.150812831342038234e-04
1.675000000000000000e+02 4.018135039267754674e-04
1.685000000000000000e+02 6.344488557603663453e-04
1.695000000000000000e+02 8.155268764615729261e-04
1.705000000000000000e+02 1.662546360788022494e-03
1.715000000000000000e+02 1.376805084398730723e-04
1.725000000000000000e+02 7.358470707831383335e-04
1.735000000000000000e+02 1.221825374180715280e-04
1.745000000000000000e+02 7.059905861431326011e-04
1.755000000000000000e+02 3.845002534652279948e-04
1.765000000000000000e+02 5.020263712083279997e-04
1.775000000000000000e+02 9.547121681800720041e-05
1.785000000000000000e+02 6.969140901297278751e-04
1.795000000000000000e+02 4.579975694820469408e-04
