# theta_deg   phase_function   DoLP
1.25000000e-01 1.90989404e+00 4.07464237e-03
3.75000000e-01 1.24471081e+00 1.61713730e-03
6.25000000e-01 1.36933994e+00 1.93515604e-03
8.75000000e-01 1.24010578e+00 6.49327112e-04
1.12500000e+00 1.30986933e+00 1.27602724e-03
1.37500000e+00 1.34918784e+00 2.02156996e-03
1.62500000e+00 1.28284806e+00 1.09336471e-03
1.87500000e+00 1.31596642e+00 1.79452902e-03
2.12500000e+00 1.30221565e+00 1.69828579e-03
2.37500000e+00 1.29060119e+00 1.56834849e-03
2.62500000e+00 1.30794859e+00 2.26963111e-03
2.87500000e+00 1.29886648e+00 2.16132546e-03
3.12500000e+00 1.28551958e+00 2.03042526e-03
3.37500000e+00 1.27884480e+00 1.86968512e-03
3.62500000e+00 1.26735795e+00 1.70027475e-03
3.87500000e+00 1.27661453e+00 2.32328720e-03
4.12500000e+00 1.27047600e+00 2.14524870e-03
4.37500000e+00 1.25648553e+00 1.97177203e-03
4.62500000e+00 1.25135553e+00 1.75705149e-03
4.87500000e+00 1.25416621e+00 2.32539884e-03
5.12500000e+00 1.24320041e+00 2.12458471e-03
5.37500000e+00 1.23541793e+00 1.89545738e-03
5.62500000e+00 1.22803269e+00 1.65464622e-03
5.87500000e+00 1.22842391e+00 2.16217042e-03
6.12500000e+00 1.21805834e+00 1.91880533e-03
6.37500000e+00 1.20793988e+00 1.66290503e-03
6.62500000e+00 1.19803387e+00 1.39183558e-03
6.87500000e+00 1.19663873e+00 1.84535502e-03
7.12500000e+00 1.18148594e+00 8.15830146e-04
7.37500000e+00 1.18449308e+00 1.97805434e-03
7.62500000e+00 1.16996950e+00 9.44631019e-04
7.87500000e+00 1.15774490e+00 6.35267184e-04
8.12500000e+00 1.15497094e+00 1.02159427e-03
8.37500000e+00 1.14538392e+00 6.87196336e-04
8.62500000e+00 1.13317313e+00 3.54501144e-04
8.87500000e+00 1.12960627e+00 7.05443729e-04
9.12500000e+00 1.11451242e+00 -3.64867506e-04
9.37500000e+00 1.11075687e+00 -4.11178423e-05
9.62500000e+00 1.09599698e+00 -3.93353630e-04
9.87500000e+00 1.09443614e+00 -1.08276074e-04
1.01250000e+01 1.07762730e+00 -1.18983279e-03
1.03750000e+01 1.07047111e+00 -8.93281194e-04
1.06250000e+01 1.06129970e+00 -1.31654559e-03
1.08750000e+01 1.05378367e+00 -1.04102019e-03
1.11250000e+01 1.04048539e+00 -2.16978749e-03
1.13750000e+01 1.03286228e+00 -1.91806738e-03
1.16250000e+01 1.02115402e+00 -2.35833111e-03
1.18750000e+01 1.00951714e+00 -2.80909414e-03
1.21250000e+01 1.00421490e+00 -2.60532155e-03
1.23750000e+01 9.92592306e-01 -3.07264698e-03
1.26250000e+01 9.81044769e-01 -3.54852408e-03
1.28750000e+01 9.69569792e-01 -4.03261740e-03
1.31250000e+01 9.58161065e-01 -4.52870288e-03
1.33750000e+01 9.52512327e-01 -4.37493547e-03
1.36250000e+01 9.38494882e-01 -4.86034576e-03
1.38750000e+01 9.29797891e-01 -5.40426995e-03
1.41250000e+01 9.21329162e-01 -5.25557710e-03
1.43750000e+01 9.07362129e-01 -6.46953087e-03
1.46250000e+01 8.98865548e-01 -6.33550891e-03
1.48750000e+01 8.87717983e-01 -6.88987564e-03
1.51250000e+01 8.79094773e-01 -6.77024482e-03
1.53750000e+01 8.65598309e-01 -8.01896909e-03
1.56250000e+01 8.59553749e-01 -7.94893876e-03
1.58750000e+01 8.46025424e-01 -8.50295259e-03
1.61250000e+01 8.35116794e-01 -9.09658623e-03
1.63750000e+01 8.28961212e-01 -9.05330062e-03
1.66250000e+01 8.15569111e-01 -9.62351911e-03
1.68750000e+01 8.04772494e-01 -1.02415886e-02
1.71250000e+01 7.96583134e-01 -1.09039573e-02
1.73750000e+01 7.83409069e-01 -1.15013431e-02
1.76250000e+01 7.77187385e-01 -1.14939566e-02
1.78750000e+01 7.66598612e-01 -1.21432765e-02
1.81250000e+01 7.53568687e-01 -1.27566561e-02
1.83750000e+01 7.47300286e-01 -1.27729034e-02
1.86250000e+01 7.35172592e-01 -1.41339214e-02
1.88750000e+01 7.26461637e-01 -1.41214498e-02
1.91250000e+01 7.16128386e-01 -1.48050728e-02
1.93750000e+01 7.07398837e-01 -1.48030356e-02
1.96250000e+01 6.95629165e-01 -1.61983360e-02
1.98750000e+01 6.86949162e-01 -1.62030478e-02
2.01250000e+01 6.79251673e-01 -1.69666045e-02
2.03750000e+01 6.66752044e-01 -1.76359049e-02
2.06250000e+01 6.60523008e-01 -1.77085904e-02
2.08750000e+01 6.50528697e-01 -1.84416550e-02
2.11250000e+01 6.40596704e-01 -1.91809362e-02
2.13750000e+01 6.33126867e-01 -1.99849498e-02
2.16250000e+01 6.20932910e-01 -2.06810597e-02
2.18750000e+01 6.14774136e-01 -2.07781367e-02
2.21250000e+01 6.05046575e-01 -2.15450245e-02
2.23750000e+01 5.97749617e-01 -2.23772665e-02
2.26250000e+01 5.86913418e-01 -2.23662017e-02
2.28750000e+01 5.78580772e-01 -2.39386010e-02
2.31250000e+01 5.70171339e-01 -2.39949815e-02
2.33750000e+01 5.63043443e-01 -2.48579567e-02
2.36250000e+01 5.53646311e-01 -2.56577341e-02
2.38750000e+01 5.45308052e-01 -2.57203521e-02
2.41250000e+01 5.38299575e-01 -2.66037415e-02
2.43750000e+01 5.29045978e-01 -2.74165617e-02
2.46250000e+01 5.22143490e-01 -2.83108053e-02
2.48750000e+01 5.13921775e-01 -2.83858457e-02
2.51250000e+01 5.03919887e-01 -2.99629641e-02
2.53750000e+01 4.98039132e-01 -3.01172659e-02
2.56250000e+01 4.92159973e-01 -3.02810303e-02
2.58750000e+01 4.82361455e-01 -3.18832637e-02
2.61250000e+01 4.76543909e-01 -3.20500351e-02
2.63750000e+01 4.66896394e-01 -3.36686303e-02
2.66250000e+01 4.61924775e-01 -3.30617055e-02
2.68750000e+01 4.52399675e-01 -3.46852529e-02
2.71250000e+01 4.48882750e-01 -3.49683727e-02
2.73750000e+01 4.37307408e-01 -3.65029487e-02
2.76250000e+01 4.33838080e-01 -3.67831735e-02
2.78750000e+01 4.26009364e-01 -3.68482708e-02
2.81250000e+01 4.18986518e-01 -3.86241297e-02
2.83750000e+01 4.13402648e-01 -3.87977121e-02
2.86250000e+01 4.05007944e-01 -3.96654041e-02
2.88750000e+01 4.00961139e-01 -4.07745737e-02
2.91250000e+01 3.92676547e-01 -4.16443039e-02
2.93750000e+01 3.87195709e-01 -4.18196662e-02
2.96250000e+01 3.81115971e-01 -4.28211510e-02
2.98750000e+01 3.72972454e-01 -4.36773113e-02
3.01250000e+01 3.69083751e-01 -4.48243176e-02
3.03750000e+01 3.63709405e-01 -4.49999306e-02
3.06250000e+01 3.55701562e-01 -4.58600197e-02
3.08750000e+01 3.51901228e-01 -4.70346674e-02
3.11250000e+01 3.44002267e-01 -4.78906232e-02
3.13750000e+01 3.40813113e-01 -4.82320771e-02
3.16250000e+01 3.32482470e-01 -4.99625625e-02
3.18750000e+01 3.29331554e-01 -5.02911129e-02
3.21250000e+01 3.24154220e-01 -5.04433365e-02
3.23750000e+01 3.18007783e-01 -5.23541416e-02
3.26250000e+01 3.10910949e-01 -5.23414872e-02
3.28750000e+01 3.08924389e-01 -5.46846172e-02
3.31250000e+01 3.02304315e-01 -5.36869426e-02
3.33750000e+01 2.96393619e-01 -5.56575255e-02
3.36250000e+01 2.92983978e-01 -5.69226532e-02
3.38750000e+01 2.87962513e-01 -5.69909944e-02
3.41250000e+01 2.82694562e-01 -5.81027645e-02
3.43750000e+01 2.77300548e-01 -5.90507977e-02
3.46250000e+01 2.74416760e-01 -5.94001224e-02
3.48750000e+01 2.69207835e-01 -6.04266765e-02
3.51250000e+01 2.63571609e-01 -6.23535162e-02
3.53750000e+01 2.61151389e-01 -6.17165295e-02
3.56250000e+01 2.55591862e-01 -6.36159814e-02
3.58750000e+01 2.50916474e-01 -6.36097815e-02
3.61250000e+01 2.47331246e-01 -6.57776364e-02
3.63750000e+01 2.42712731e-01 -6.57229127e-02
3.66250000e+01 2.39986529e-01 -6.59199327e-02
3.68750000e+01 2.34620079e-01 -6.77832112e-02
3.71250000e+01 2.30154211e-01 -6.76115087e-02
3.73750000e+01 2.28904841e-01 -6.90422960e-02
3.76250000e+01 2.22226160e-01 -6.95155073e-02
3.78750000e+01 2.19260997e-01 -7.05451083e-02
3.81250000e+01 2.16624798e-01 -7.05898199e-02
3.83750000e+01 2.11879882e-01 -7.12132445e-02
3.86250000e+01 2.09035117e-01 -7.21300890e-02
3.88750000e+01 2.04350215e-01 -7.26480576e-02
3.91250000e+01 2.01767099e-01 -7.25340503e-02
3.93750000e+01 1.98979948e-01 -7.32603322e-02
3.96250000e+01 1.94431036e-01 -7.35724725e-02
3.98750000e+01 1.91671761e-01 -7.42171701e-02
4.01250000e+01 1.87190191e-01 -7.43044239e-02
4.03750000e+01 1.84799984e-01 -7.36343241e-02
4.06250000e+01 1.82207916e-01 -7.37630560e-02
4.08750000e+01 1.79557379e-01 -7.39882938e-02
4.11250000e+01 1.75281492e-01 -7.33460650e-02
4.13750000e+01 1.73128622e-01 -7.16204310e-02
4.16250000e+01 1.70482103e-01 -7.17870582e-02
4.18750000e+01 1.68489983e-01 -6.90367955e-02
4.21250000e+01 1.66743459e-01 -6.49462400e-02
4.23750000e+01 1.70268490e-01 -2.66073000e-02
4.26250000e+01 1.67449072e-01 -2.74268730e-02
4.28750000e+01 1.64882996e-01 -2.62619870e-02
4.31250000e+01 1.51560211e-01 -8.30746278e-02
4.33750000e+01 1.47081184e-01 -8.52626687e-02
4.36250000e+01 1.45948695e-01 -8.83395311e-02
4.38750000e+01 1.41850716e-01 -8.86870843e-02
4.41250000e+01 1.39230815e-01 -9.05918672e-02
4.43750000e+01 1.38207884e-01 -9.31674894e-02
4.46250000e+01 1.34235500e-01 -9.30673923e-02
4.48750000e+01 1.31488539e-01 -9.60076716e-02
4.51250000e+01 1.29210007e-01 -9.62659578e-02
4.53750000e+01 1.26700129e-01 -9.78791598e-02
4.56250000e+01 1.24441329e-01 -9.80847499e-02
4.58750000e+01 1.21775959e-01 -1.00872423e-01
4.61250000e+01 1.19547241e-01 -1.00974847e-01
4.63750000e+01 1.17190781e-01 -1.02289693e-01
4.66250000e+01 1.14766756e-01 -1.03683490e-01
4.68750000e+01 1.12448457e-01 -1.04939714e-01
4.71250000e+01 1.10244257e-01 -1.04818849e-01
4.73750000e+01 1.07958794e-01 -1.06021967e-01
4.76250000e+01 1.07150397e-01 -1.08131013e-01
4.78750000e+01 1.03406494e-01 -1.08337858e-01
4.81250000e+01 1.01311557e-01 -1.07968278e-01
4.83750000e+01 1.00366618e-01 -1.11501719e-01
4.86250000e+01 9.68829852e-02 -1.09985227e-01
4.88750000e+01 9.61218775e-02 -1.12068655e-01
4.91250000e+01 9.40898808e-02 -1.11512373e-01
4.93750000e+01 9.17953853e-02 -1.13957202e-01
4.96250000e+01 8.98093183e-02 -1.13252581e-01
4.98750000e+01 8.90785676e-02 -1.15316353e-01
5.01250000e+01 8.56333461e-02 -1.14921257e-01
5.03750000e+01 8.50541764e-02 -1.15341231e-01
5.06250000e+01 8.28629253e-02 -1.17711022e-01
5.08750000e+01 8.09819554e-02 -1.16796763e-01
5.11250000e+01 7.89773704e-02 -1.17439514e-01
5.13750000e+01 7.69914895e-02 -1.18004154e-01
5.16250000e+01 7.64607494e-02 -1.18403182e-01
5.18750000e+01 7.45070430e-02 -1.18940999e-01
5.21250000e+01 7.25787380e-02 -1.19426205e-01
5.23750000e+01 7.19320776e-02 -1.21500366e-01
5.26250000e+01 6.87829004e-02 -1.20236919e-01
5.28750000e+01 6.82874328e-02 -1.20494345e-01
5.31250000e+01 6.75325009e-02 -1.24360054e-01
5.33750000e+01 6.45902947e-02 -1.20988224e-01
5.36250000e+01 6.41061375e-02 -1.21189628e-01
5.38750000e+01 6.21806255e-02 -1.23145166e-01
5.41250000e+01 6.16997028e-02 -1.23331022e-01
5.43750000e+01 5.86353624e-02 -1.23124356e-01
5.46250000e+01 5.82918207e-02 -1.21256346e-01
5.48750000e+01 5.75976200e-02 -1.25232504e-01
5.51250000e+01 5.58741178e-02 -1.25039782e-01
5.53750000e+01 5.42855593e-02 -1.22690740e-01
5.56250000e+01 5.26093714e-02 -1.22218202e-01
5.58750000e+01 5.20635168e-02 -1.24184743e-01
5.61250000e+01 5.04177112e-02 -1.23586807e-01
5.63750000e+01 4.99840511e-02 -1.23436484e-01
5.66250000e+01 4.83681961e-02 -1.22638673e-01
5.68750000e+01 4.66764930e-02 -1.23887219e-01
5.71250000e+01 4.63620053e-02 -1.21377291e-01
5.73750000e+01 4.47037580e-02 -1.22435507e-01
5.76250000e+01 4.32683431e-02 -1.18827027e-01
5.78750000e+01 4.26785407e-02 -1.22961172e-01
5.81250000e+01 4.22755479e-02 -1.22475079e-01
5.83750000e+01 3.98848488e-02 -1.14858149e-01
5.86250000e+01 4.02990764e-02 -1.22651284e-01
5.88750000e+01 3.79633238e-02 -1.14497381e-01
5.91250000e+01 3.74130124e-02 -1.18680216e-01
5.93750000e+01 3.70378773e-02 -1.17861586e-01
5.96250000e+01 3.57242340e-02 -1.12855719e-01
5.98750000e+01 3.42628714e-02 -1.12672010e-01
6.01250000e+01 3.39096728e-02 -1.11598557e-01
6.03750000e+01 3.34640653e-02 -1.13127806e-01
6.06250000e+01 3.21310491e-02 -1.09909346e-01
6.08750000e+01 3.08299524e-02 -1.06331756e-01
6.11250000e+01 3.04135389e-02 -1.07730466e-01
6.13750000e+01 2.92332809e-02 -1.00881932e-01
6.16250000e+01 2.88300582e-02 -1.02148226e-01
6.18750000e+01 2.76009252e-02 -9.75228127e-02
6.21250000e+01 2.72184008e-02 -9.87119506e-02
6.23750000e+01 2.68995265e-02 -9.67690559e-02
6.26250000e+01 2.56365921e-02 -9.44873990e-02
6.28750000e+01 2.45815929e-02 -8.54713140e-02
6.31250000e+01 2.42021093e-02 -8.61896889e-02
6.33750000e+01 2.31827772e-02 -7.61834397e-02
6.36250000e+01 2.27555609e-02 -7.99069035e-02
6.38750000e+01 2.24813470e-02 -7.68615135e-02
6.41250000e+01 2.14204253e-02 -6.88184369e-02
6.43750000e+01 2.10968121e-02 -6.86170118e-02
6.46250000e+01 2.00729523e-02 -5.93887868e-02
6.48750000e+01 1.98187882e-02 -5.52047115e-02
6.51250000e+01 1.87958165e-02 -4.76912807e-02
6.53750000e+01 1.85630655e-02 -4.24494536e-02
6.56250000e+01 1.76585802e-02 -2.90037450e-02
6.58750000e+01 1.81039743e-02 -3.20450516e-02
6.61250000e+01 1.66713098e-02 -3.24600516e-03
6.63750000e+01 1.65991631e-02 1.01972063e-02
6.66250000e+01 1.56082361e-02 -2.10554543e-02
6.68750000e+01 1.53101819e-02 -1.99588158e-02
6.71250000e+01 1.44502473e-02 -5.80743931e-03
6.73750000e+01 1.36835995e-02 1.39898587e-02
6.76250000e+01 1.34212172e-02 1.56609478e-02
6.78750000e+01 1.30962825e-02 1.32156718e-02
6.81250000e+01 1.29449748e-02 2.42345426e-02
6.83750000e+01 1.21174086e-02 3.81185051e-02
6.86250000e+01 1.13825056e-02 5.81262951e-02
6.88750000e+01 1.16781511e-02 4.82524296e-02
6.91250000e+01 1.09601331e-02 6.93645473e-02
6.93750000e+01 1.02762975e-02 9.24414821e-02
6.96250000e+01 1.00576754e-02 9.62593679e-02
6.98750000e+01 9.89137326e-03 1.05485678e-01
7.01250000e+01 9.61198704e-03 1.05262348e-01
7.03750000e+01 9.04307059e-03 1.37450488e-01
7.06250000e+01 8.45224697e-03 1.66954746e-01
7.08750000e+01 8.63799331e-03 1.48306173e-01
7.11250000e+01 8.11869636e-03 1.84551476e-01
7.13750000e+01 7.92629330e-03 1.91293982e-01
7.16250000e+01 7.34584530e-03 2.20396646e-01
7.18750000e+01 7.22385035e-03 2.33278332e-01
7.21250000e+01 7.09828047e-03 2.46823161e-01
7.23750000e+01 6.57005494e-03 2.80345414e-01
7.26250000e+01 6.46194806e-03 2.94621250e-01
7.28750000e+01 6.25355160e-03 2.98942196e-01
7.31250000e+01 5.87586946e-03 3.47880118e-01
7.33750000e+01 5.78173690e-03 3.63412844e-01
7.36250000e+01 5.59080247e-03 3.69320568e-01
7.38750000e+01 5.21449819e-03 4.17235692e-01
7.41250000e+01 5.13650389e-03 4.33960434e-01
7.43750000e+01 5.00936990e-03 4.46458763e-01
7.46250000e+01 4.88094720e-03 4.60107944e-01
7.48750000e+01 4.60781912e-03 5.17144990e-01
7.51250000e+01 4.45291439e-03 5.26001732e-01
7.53750000e+01 4.21734083e-03 5.84542830e-01
7.56250000e+01 4.28235768e-03 5.58986524e-01
7.58750000e+01 4.02044635e-03 6.13615592e-01
7.61250000e+01 3.78668348e-03 6.68057529e-01
7.63750000e+01 3.83929469e-03 6.42407785e-01
7.66250000e+01 3.66434998e-03 7.00083722e-01
7.68750000e+01 3.58475650e-03 7.14506794e-01
7.71250000e+01 3.40207577e-03 7.65706541e-01
7.73750000e+01 3.43247543e-03 7.43617095e-01
7.76250000e+01 3.26646996e-03 7.93252416e-01
7.78750000e+01 3.16383086e-03 8.40592948e-01
7.81250000e+01 3.18396408e-03 8.20499788e-01
7.83750000e+01 3.05534002e-03 8.62513142e-01
7.86250000e+01 3.00468541e-03 8.73025704e-01
7.88750000e+01 2.90337237e-03 9.07388130e-01
7.91250000e+01 2.90854576e-03 8.92735982e-01
7.93750000e+01 2.85876672e-03 9.24006009e-01
7.96250000e+01 2.81950761e-03 9.31026563e-01
7.98750000e+01 2.75430908e-03 9.52046868e-01
8.01250000e+01 2.74683380e-03 9.43198596e-01
8.03750000e+01 2.72859082e-03 9.60318508e-01
8.06250000e+01 2.66225041e-03 9.63159600e-01
8.08750000e+01 2.66068591e-03 9.71865738e-01
8.11250000e+01 2.64578498e-03 9.67658767e-01
8.13750000e+01 2.61372707e-03 9.72739501e-01
8.16250000e+01 2.58919360e-03 9.74038334e-01
8.18750000e+01 2.60790839e-03 9.71111810e-01
8.21250000e+01 2.55130124e-03 9.70954692e-01
8.23750000e+01 2.56716572e-03 9.69336594e-01
8.26250000e+01 2.54823810e-03 9.67766803e-01
8.28750000e+01 2.52977192e-03 9.66084384e-01
8.31250000e+01 2.54630348e-03 9.64356086e-01
8.33750000e+01 2.49354263e-03 9.62581432e-01
8.36250000e+01 2.50962310e-03 9.60793087e-01
8.38750000e+01 2.49190730e-03 9.58934298e-01
8.41250000e+01 2.47509356e-03 9.57022797e-01
8.43750000e+01 2.45740646e-03 9.55105322e-01
8.46250000e+01 2.47324443e-03 9.53139460e-01
8.48750000e+01 2.42440901e-03 9.51093253e-01
8.51250000e+01 2.43979786e-03 9.49069292e-01
8.53750000e+01 2.42343730e-03 9.46967820e-01
8.56250000e+01 2.40785763e-03 9.44821509e-01
8.58750000e+01 2.42296448e-03 9.42658862e-01
8.61250000e+01 2.37566125e-03 9.40431627e-01
8.63750000e+01 2.39204448e-03 9.38184068e-01
8.66250000e+01 2.34511775e-03 9.35902771e-01
8.68750000e+01 2.36100585e-03 9.33597903e-01
8.71250000e+01 2.37716354e-03 9.31223000e-01
8.73750000e+01 2.33124761e-03 9.28818323e-01
8.76250000e+01 2.34748773e-03 9.26382734e-01
8.78750000e+01 2.30243465e-03 9.23918834e-01
8.81250000e+01 2.31882337e-03 9.21426724e-01
8.83750000e+01 2.30412638e-03 9.18887765e-01
8.86250000e+01 2.29030115e-03 9.16322148e-01
8.88750000e+01 2.30648658e-03 9.13712174e-01
8.91250000e+01 2.26318664e-03 9.11077279e-01
8.93750000e+01 2.27948849e-03 9.08415286e-01
8.96250000e+01 2.26557714e-03 9.05702181e-01
8.98750000e+01 2.25323928e-03 9.02983027e-01
9.01250000e+01 2.23976735e-03 9.00218705e-01
9.03750000e+01 2.22789209e-03 8.97456126e-01
9.06250000e+01 2.24343879e-03 8.94623284e-01
9.08750000e+01 2.23026506e-03 8.91747759e-01
9.11250000e+01 2.21872926e-03 8.88885231e-01
9.13750000e+01 2.20597163e-03 8.85963941e-01
9.16250000e+01 2.19487629e-03 8.83064291e-01
9.18750000e+01 2.18326793e-03 8.80125058e-01
9.21250000e+01 2.19878289e-03 8.77118526e-01
9.23750000e+01 2.18650427e-03 8.74072575e-01
9.26250000e+01 2.14933096e-03 8.71118967e-01
9.28750000e+01 2.16499147e-03 8.68053492e-01
9.31250000e+01 2.18039683e-03 8.64928240e-01
9.33750000e+01 2.14240551e-03 8.61824940e-01
9.36250000e+01 2.15870163e-03 8.58700709e-01
9.38750000e+01 2.12218277e-03 8.55610499e-01
9.41250000e+01 2.13776297e-03 8.52415333e-01
9.43750000e+01 2.12753424e-03 8.49234745e-01
9.46250000e+01 2.11747100e-03 8.46040401e-01
9.48750000e+01 2.13293345e-03 8.42759118e-01
9.51250000e+01 2.09775740e-03 8.39575803e-01
9.53750000e+01 2.11331085e-03 8.36267851e-01
9.56250000e+01 2.10369984e-03 8.32986502e-01
9.58750000e+01 2.09426712e-03 8.29696112e-01
9.61250000e+01 2.08501049e-03 8.26397376e-01
9.63750000e+01 2.07592938e-03 8.23091228e-01
9.66250000e+01 2.09146626e-03 8.19681973e-01
9.68750000e+01 2.05907677e-03 8.16488706e-01
9.71250000e+01 2.07378913e-03 8.12989780e-01
9.73750000e+01 2.06513231e-03 8.09613964e-01
9.76250000e+01 2.05664481e-03 8.06234095e-01
9.78750000e+01 2.04931821e-03 8.02937829e-01
9.81250000e+01 2.06391873e-03 7.99349856e-01
9.83750000e+01 2.03307559e-03 7.96128277e-01
9.86250000e+01 2.04774574e-03 7.92522277e-01
9.88750000e+01 2.04087378e-03 7.89184735e-01
9.91250000e+01 2.03209239e-03 7.85648574e-01
9.93750000e+01 2.02558145e-03 7.82320990e-01
9.96250000e+01 2.01817656e-03 7.78890647e-01
9.98750000e+01 2.03280298e-03 7.75203950e-01
1.00125000e+02 2.00368516e-03 7.71993992e-01
1.00375000e+02 2.01953359e-03 7.68420707e-01
1.00625000e+02 2.01251572e-03 7.64954414e-01
1.00875000e+02 2.00566560e-03 7.61497008e-01
1.01125000e+02 1.99896036e-03 7.58043540e-01
1.01375000e+02 2.01481373e-03 7.54427211e-01
1.01625000e+02 1.98589066e-03 7.51114136e-01
1.01875000e+02 2.00184785e-03 7.47503003e-01
1.02125000e+02 1.99553561e-03 7.44031711e-01
1.02375000e+02 1.98936767e-03 7.40568109e-01
1.02625000e+02 1.98466554e-03 7.37287524e-01
1.02875000e+02 1.97751076e-03 7.33680607e-01
1.03125000e+02 1.99356379e-03 7.30048398e-01
1.03375000e+02 1.96747548e-03 7.26979300e-01
1.03625000e+02 1.98368091e-03 7.23368119e-01
1.03875000e+02 1.97683341e-03 7.19741160e-01
1.04125000e+02 1.97294090e-03 7.16523226e-01
1.04375000e+02 1.96780121e-03 7.13125813e-01
1.04625000e+02 1.98407708e-03 7.09506399e-01
1.04875000e+02 1.95635530e-03 7.06116537e-01
1.05125000e+02 1.97575880e-03 7.02966162e-01
1.05375000e+02 1.94849303e-03 6.99625554e-01
1.05625000e+02 1.96503104e-03 6.96054852e-01
1.05875000e+02 1.96059508e-03 6.92720916e-01
1.06125000e+02 1.97708224e-03 6.89131755e-01
1.06375000e+02 1.95369178e-03 6.86340864e-01
1.06625000e+02 1.94806766e-03 6.82814567e-01
1.06875000e+02 1.96647448e-03 6.79548164e-01
1.07125000e+02 1.96266834e-03 6.76296247e-01
1.07375000e+02 1.95898469e-03 6.73068478e-01
1.07625000e+02 1.95546621e-03 6.69869234e-01
1.07875000e+02 1.95209283e-03 6.66696077e-01
1.08125000e+02 1.94887357e-03 6.63554775e-01
1.08375000e+02 1.96595681e-03 6.60092073e-01
1.08625000e+02 1.94278426e-03 6.57318489e-01
1.08875000e+02 1.96201437e-03 6.54247397e-01
1.09125000e+02 1.95931577e-03 6.51198040e-01
1.09375000e+02 1.95473794e-03 6.47814361e-01
1.09625000e+02 1.95436025e-03 6.45194763e-01
1.09875000e+02 1.95213753e-03 6.42248688e-01
1.10125000e+02 1.96978314e-03 6.38928746e-01
1.10375000e+02 1.95027227e-03 6.36840411e-01
1.10625000e+02 1.96598238e-03 6.33177595e-01
1.10875000e+02 1.96427270e-03 6.30339327e-01
1.11125000e+02 1.96503282e-03 6.27981095e-01
1.11375000e+02 1.96375609e-03 6.25248619e-01
1.11625000e+02 1.96263309e-03 6.22558959e-01
1.11875000e+02 1.96171104e-03 6.19917069e-01
1.12125000e+02 1.98267587e-03 6.17299662e-01
1.12375000e+02 1.97950817e-03 6.14227124e-01
1.12625000e+02 1.96259841e-03 6.12649387e-01
1.12875000e+02 1.98143834e-03 6.09752477e-01
1.13125000e+02 1.98138142e-03 6.07329396e-01
1.13375000e+02 1.98404267e-03 6.03585857e-01
1.13625000e+02 2.00542532e-03 5.99579546e-01
1.13875000e+02 2.00028201e-03 5.92892737e-01
1.14125000e+02 2.01516980e-03 5.92785493e-01
1.14375000e+02 2.01263367e-03 5.83357375e-01
1.14625000e+02 2.05699397e-03 5.68909489e-01
1.14875000e+02 2.05205956e-03 5.72436850e-01
1.15125000e+02 2.08390064e-03 5.56451481e-01
1.15375000e+02 2.09693290e-03 5.49950590e-01
1.15625000e+02 2.12791687e-03 5.43723870e-01
1.15875000e+02 2.16050450e-03 5.24020768e-01
1.16125000e+02 2.19731777e-03 5.16719296e-01
1.16375000e+02 2.24003682e-03 4.93373427e-01
1.16625000e+02 2.28208564e-03 4.85757929e-01
1.16875000e+02 2.30798240e-03 4.79892210e-01
1.17125000e+02 2.32912224e-03 4.74053456e-01
1.17375000e+02 2.40741538e-03 4.49947831e-01
1.17625000e+02 2.51679629e-03 4.27076164e-01
1.17875000e+02 2.46358539e-03 4.39961225e-01
1.18125000e+02 2.64512102e-03 4.00202134e-01
1.18375000e+02 2.58402331e-03 4.12680840e-01
1.18625000e+02 2.71034547e-03 3.93711748e-01
1.18875000e+02 2.81221280e-03 3.72744701e-01
1.19125000e+02 2.84892133e-03 3.71711702e-01
1.19375000e+02 2.96626553e-03 3.55238269e-01
1.19625000e+02 3.01680028e-03 3.55363219e-01
1.19875000e+02 3.02939170e-03 3.55054411e-01
1.20125000e+02 3.25853830e-03 3.28548924e-01
1.20375000e+02 3.18895577e-03 3.44958183e-01
1.20625000e+02 3.41971044e-03 3.21171161e-01
1.20875000e+02 3.45720234e-03 3.25769651e-01
1.21125000e+02 3.58212486e-03 3.18022135e-01
1.21375000e+02 3.61769641e-03 3.24019319e-01
1.21625000e+02 3.74273291e-03 3.18620426e-01
1.21875000e+02 3.88045424e-03 3.17036240e-01
1.22125000e+02 4.02353868e-03 3.15285130e-01
1.22375000e+02 4.15482920e-03 3.15637189e-01
1.22625000e+02 4.16182848e-03 3.23844724e-01
1.22875000e+02 4.41467140e-03 3.20046815e-01
1.23125000e+02 4.43587046e-03 3.30044532e-01
1.23375000e+02 4.66883405e-03 3.29328291e-01
1.23625000e+02 4.79280746e-03 3.35807176e-01
1.23875000e+02 4.90653768e-03 3.42194253e-01
1.24125000e+02 5.05066526e-03 3.51648641e-01
1.24375000e+02 5.15023833e-03 3.60654804e-01
1.24625000e+02 5.38645334e-03 3.67326589e-01
1.24875000e+02 5.59142964e-03 3.74693573e-01
1.25125000e+02 5.68877832e-03 3.88094559e-01
1.25375000e+02 5.91114647e-03 3.98654329e-01
1.25625000e+02 6.19123091e-03 4.06788523e-01
1.25875000e+02 6.30233864e-03 4.23870626e-01
1.26125000e+02 6.59489527e-03 4.35318405e-01
1.26375000e+02 6.75697587e-03 4.50827279e-01
1.26625000e+02 1.03083096e-02 5.50779624e-01
1.26875000e+02 8.77298082e-03 5.13642737e-01
1.27125000e+02 8.67504830e-03 5.15528783e-01
1.27375000e+02 8.92041261e-03 5.23812498e-01
1.27625000e+02 9.23594145e-03 5.35938098e-01
1.27875000e+02 9.62031500e-03 5.51578536e-01
1.28125000e+02 1.01748669e-02 5.68679632e-01
1.28375000e+02 1.07667094e-02 5.88508605e-01
1.28625000e+02 1.15935877e-02 6.12035517e-01
1.28875000e+02 1.27127267e-02 6.36771229e-01
1.29125000e+02 1.44041460e-02 6.64174934e-01
1.29375000e+02 1.71511514e-02 6.95533149e-01
1.29625000e+02 2.33875060e-02 7.33916605e-01
1.29875000e+02 3.57535467e-02 7.68513316e-01
1.30125000e+02 1.92110439e-03 2.91112991e-01
1.30375000e+02 1.91407837e-03 2.83525549e-01
1.30625000e+02 1.87786172e-03 2.81080093e-01
1.30875000e+02 1.86710277e-03 2.74257619e-01
1.31125000e+02 1.82195322e-03 2.80396756e-01
1.31375000e+02 1.79626465e-03 2.75752629e-01
1.31625000e+02 1.78461894e-03 2.71303925e-01
1.31875000e+02 1.76793512e-03 2.74387314e-01
1.32125000e+02 1.75594641e-03 2.71022784e-01
1.32375000e+02 1.72659307e-03 2.74725226e-01
1.32625000e+02 1.70062195e-03 2.72482824e-01
1.32875000e+02 1.69209178e-03 2.75355856e-01
1.33125000e+02 1.70093474e-03 2.72960714e-01
1.33375000e+02 1.67667481e-03 2.71076805e-01
1.33625000e+02 1.66695959e-03 2.69341273e-01
1.33875000e+02 1.65386903e-03 2.70077830e-01
1.34125000e+02 1.66481896e-03 2.67542735e-01
1.34375000e+02 1.64211538e-03 2.65344838e-01
1.34625000e+02 1.65531937e-03 2.62051504e-01
1.34875000e+02 1.65273302e-03 2.58892567e-01
1.35125000e+02 1.64962604e-03 2.55804264e-01
1.35375000e+02 1.63104368e-03 2.52933588e-01
1.35625000e+02 1.64373629e-03 2.49457236e-01
1.35875000e+02 1.65732217e-03 2.46428586e-01
1.36125000e+02 1.63864463e-03 2.43506930e-01
1.36375000e+02 1.63641637e-03 2.40674620e-01
1.36625000e+02 1.63357545e-03 2.37561305e-01
1.36875000e+02 1.64774932e-03 2.34859607e-01
1.37125000e+02 1.62908940e-03 2.31915042e-01
1.37375000e+02 6.61021019e-02 9.00783840e-01
1.37625000e+02 1.98097864e-01 9.01079644e-01
1.37875000e+02 1.05138123e-01 8.69926531e-01
1.38125000e+02 8.24194264e-02 8.42978868e-01
1.38375000e+02 7.04342364e-02 8.17846623e-01
1.38625000e+02 6.28111728e-02 7.93668645e-01
1.38875000e+02 5.74398850e-02 7.70568972e-01
1.39125000e+02 5.33392506e-02 7.47620207e-01
1.39375000e+02 5.01030169e-02 7.25887078e-01
1.39625000e+02 4.74057947e-02 7.05029243e-01
1.39875000e+02 4.51945452e-02 6.84274848e-01
1.40125000e+02 4.32893064e-02 6.64402247e-01
1.40375000e+02 4.17854275e-02 6.44490678e-01
1.40625000e+02 4.02189683e-02 6.26028632e-01
1.40875000e+02 3.89584572e-02 6.07155438e-01
1.41125000e+02 3.77441715e-02 5.89473311e-01
1.41375000e+02 3.66603198e-02 5.71946766e-01
1.41625000e+02 3.57830708e-02 5.54553790e-01
1.41875000e+02 3.48955274e-02 5.38235909e-01
1.42125000e+02 3.39276975e-02 5.22146682e-01
1.42375000e+02 3.31607984e-02 5.06351138e-01
1.42625000e+02 3.26230364e-02 4.89678390e-01
1.42875000e+02 3.18876955e-02 4.75546882e-01
1.43125000e+02 3.12647443e-02 4.60124461e-01
1.43375000e+02 3.06833820e-02 4.45271408e-01
1.43625000e+02 3.00736455e-02 4.31725672e-01
1.43875000e+02 2.94326304e-02 4.17844605e-01
1.44125000e+02 2.90635238e-02 4.03516830e-01
1.44375000e+02 2.83768220e-02 3.91530520e-01
1.44625000e+02 2.79384610e-02 3.78388927e-01
1.44875000e+02 2.74950733e-02 3.64619898e-01
1.45125000e+02 2.74162832e-02 3.49988632e-01
1.45375000e+02 2.66407824e-02 3.40665508e-01
1.45625000e+02 2.60963744e-02 3.28884198e-01
1.45875000e+02 2.59893776e-02 3.16274268e-01
1.46125000e+02 2.54468045e-02 3.04833674e-01
1.46375000e+02 2.52705557e-02 2.93638565e-01
1.46625000e+02 2.47085585e-02 2.83911044e-01
1.46875000e+02 2.41403455e-02 2.74962868e-01
1.47125000e+02 2.43076741e-02 2.62048495e-01
1.47375000e+02 2.36741854e-02 2.54338763e-01
1.47625000e+02 2.31419328e-02 2.48344532e-01
1.47875000e+02 2.32083599e-02 2.35908372e-01
1.48125000e+02 2.26228686e-02 2.31460484e-01
1.48375000e+02 2.27215477e-02 2.20217892e-01
1.48625000e+02 2.20889804e-02 2.17283005e-01
1.48875000e+02 2.18881850e-02 2.12768957e-01
1.49125000e+02 2.16703302e-02 2.09661407e-01
1.49375000e+02 2.16096902e-02 2.11102216e-01
1.49625000e+02 2.26494103e-02 2.27258992e-01
1.49875000e+02 2.05993841e-02 1.95960278e-01
1.50125000e+02 1.92935088e-02 1.64056283e-01
1.50375000e+02 1.92998872e-02 1.53078713e-01
1.50625000e+02 1.88730343e-02 1.47080782e-01
1.50875000e+02 1.84993085e-02 1.42024840e-01
1.51125000e+02 1.80560227e-02 1.36993900e-01
1.51375000e+02 1.80665861e-02 1.27422983e-01
1.51625000e+02 1.76232356e-02 1.22983640e-01
1.51875000e+02 1.72047710e-02 1.19641197e-01
1.52125000e+02 1.67505881e-02 1.16341420e-01
1.52375000e+02 1.66769051e-02 1.07243288e-01
1.52625000e+02 1.62572618e-02 1.05224723e-01
1.52875000e+02 1.58197657e-02 1.03855772e-01
1.53125000e+02 1.57613251e-02 9.54445301e-02
1.53375000e+02 1.53005107e-02 9.49167360e-02
1.53625000e+02 1.52168483e-02 8.69817357e-02
1.53875000e+02 1.47653211e-02 8.73523854e-02
1.54125000e+02 1.47017987e-02 8.04345616e-02
1.54375000e+02 1.42315296e-02 8.12102478e-02
1.54625000e+02 1.37658461e-02 8.33035446e-02
1.54875000e+02 1.36811075e-02 7.66716784e-02
1.55125000e+02 1.35869373e-02 7.08116056e-02
1.55375000e+02 1.31484063e-02 7.41822714e-02
1.55625000e+02 1.26599848e-02 7.78562819e-02
1.55875000e+02 1.25954867e-02 7.27946591e-02
1.56125000e+02 1.25069709e-02 6.80368877e-02
1.56375000e+02 1.20395177e-02 7.30637489e-02
1.56625000e+02 1.19342362e-02 6.88618900e-02
1.56875000e+02 1.15249476e-02 7.54623357e-02
1.57125000e+02 1.14349079e-02 7.17573119e-02
1.57375000e+02 1.09986349e-02 7.88638283e-02
1.57625000e+02 1.09121502e-02 7.56406659e-02
1.57875000e+02 1.08171671e-02 7.27877304e-02
1.58125000e+02 1.04332365e-02 8.14880256e-02
1.58375000e+02 1.03151018e-02 7.86029407e-02
1.58625000e+02 1.02330240e-02 7.65733092e-02
1.58875000e+02 9.86483420e-03 8.61647066e-02
1.59125000e+02 9.77687124e-03 8.44268997e-02
1.59375000e+02 9.45651363e-03 9.41650499e-02
1.59625000e+02 9.36661395e-03 9.20975711e-02
1.59875000e+02 9.26970151e-03 9.09473181e-02
1.60125000e+02 9.00687479e-03 1.00417125e-01
1.60375000e+02 8.92502127e-03 9.90904507e-02
1.60625000e+02 8.83904492e-03 9.77492129e-02
1.60875000e+02 8.77491500e-03 9.75851029e-02
1.61125000e+02 8.54076215e-03 1.05598761e-01
1.61375000e+02 8.48138615e-03 1.04553759e-01
1.61625000e+02 8.29163880e-03 1.11310920e-01
1.61875000e+02 8.26637838e-03 1.09322622e-01
1.62125000e+02 8.19509736e-03 1.07596774e-01
1.62375000e+02 8.16339641e-03 1.06607406e-01
1.62625000e+02 8.10062113e-03 1.05446755e-01
1.62875000e+02 8.00021921e-03 1.08375880e-01
1.63125000e+02 8.00065303e-03 1.06402469e-01
1.63375000e+02 7.88421203e-03 1.06592533e-01
1.63625000e+02 7.92441112e-03 1.01918461e-01
1.63875000e+02 7.88195315e-03 1.01232554e-01
1.64125000e+02 7.84080578e-03 9.83783148e-02
1.64375000e+02 7.85540841e-03 9.58281683e-02
1.64625000e+02 7.82196768e-03 9.25477048e-02
1.64875000e+02 7.84594384e-03 8.94144199e-02
1.65125000e+02 7.81224739e-03 8.62993432e-02
1.65375000e+02 7.82232245e-03 8.31564599e-02
1.65625000e+02 7.80310164e-03 8.03131225e-02
1.65875000e+02 7.77069023e-03 7.73664003e-02
1.66125000e+02 7.79503647e-03 7.45809103e-02
1.66375000e+02 7.80546161e-03 7.17017396e-02
1.66625000e+02 7.75846774e-03 6.90348785e-02
1.66875000e+02 7.78299344e-03 6.64208356e-02
1.67125000e+02 7.76563672e-03 6.36932664e-02
1.67375000e+02 7.74737457e-03 6.12345316e-02
1.67625000e+02 7.78670526e-03 5.87184698e-02
1.67875000e+02 7.74013258e-03 5.63298030e-02
1.68125000e+02 7.75158464e-03 5.38933996e-02
1.68375000e+02 7.73364750e-03 5.16531623e-02
1.68625000e+02 7.74515025e-03 4.93250061e-02
1.68875000e+02 7.72742166e-03 4.71996585e-02
1.69125000e+02 7.73908298e-03 4.49936497e-02
1.69375000e+02 7.70814827e-03 4.28847700e-02
1.69625000e+02 7.71896848e-03 4.09346757e-02
1.69875000e+02 7.73072463e-03 3.88916958e-02
1.70125000e+02 7.68554792e-03 3.70046667e-02
1.70375000e+02 7.72589706e-03 3.51063896e-02
1.70625000e+02 7.69521650e-03 3.32615239e-02
1.70875000e+02 7.69314897e-03 3.15072438e-02
1.71125000e+02 7.70427475e-03 2.98526435e-02
1.71375000e+02 7.68872106e-03 2.81359642e-02
1.71625000e+02 7.68668217e-03 2.65185817e-02
1.71875000e+02 7.71247539e-03 2.49871396e-02
1.72125000e+02 7.68212102e-03 2.34612368e-02
1.72375000e+02 7.66580570e-03 2.20278132e-02
1.72625000e+02 7.67906245e-03 2.06083212e-02
1.72875000e+02 7.67732796e-03 1.92515407e-02
1.73125000e+02 7.67562368e-03 1.79427872e-02
1.73375000e+02 7.67406210e-03 1.66962760e-02
1.73625000e+02 7.67243653e-03 1.54868796e-02
1.73875000e+02 7.67094788e-03 1.43394989e-02
1.74125000e+02 7.66945065e-03 1.32358346e-02
1.74375000e+02 7.66794017e-03 1.21767813e-02
1.74625000e+02 7.63923909e-03 1.11750574e-02
1.74875000e+02 7.66645161e-03 1.02224234e-02
1.75125000e+02 7.66516767e-03 9.32392222e-03
1.75375000e+02 7.66391681e-03 8.47700646e-03
1.75625000e+02 7.63533498e-03 7.65276963e-03
1.75875000e+02 7.66297753e-03 6.91721226e-03
1.76125000e+02 7.66175284e-03 6.21045599e-03
1.76375000e+02 7.63366585e-03 5.56956026e-03
1.76625000e+02 7.66145322e-03 4.96977044e-03
1.76875000e+02 7.66044394e-03 4.43551531e-03
1.77125000e+02 7.63276350e-03 3.96682009e-03
1.77375000e+02 7.66078700e-03 3.51430708e-03
1.77625000e+02 7.66013619e-03 3.18818729e-03
1.77875000e+02 7.63266177e-03 2.86875276e-03
1.78125000e+02 7.66178123e-03 2.67865060e-03
1.78375000e+02 7.63539007e-03 2.56620287e-03
1.78625000e+02 7.66566447e-03 2.57997657e-03
1.78875000e+02 7.64120042e-03 2.76312593e-03
1.79125000e+02 7.67485859e-03 3.22599648e-03
1.79375000e+02 7.65739790e-03 4.26346418e-03
1.79625000e+02 7.71008473e-03 6.87210716e-03
1.79875000e+02 7.80649190e-03 2.02172358e-02
